#title: Spectral profile - SiO_34_35_SiO7_6_2kms_0.5robust.image.pbcor.fits-raster
#region (world): Ellipse[[17:45:38.277, -28d59m59.697], [17:45:38.226, -28d59m59.189]]
#region (pixel): Ellipse[[375, 474], [388, 484]]
#coordinate: world
#xLabel: frequency [GHz]
#yLabel: [Jy/beam] Mean

# SiO_34_35_SiO7_6_2kms_0.5robust.image.pbcor.fits-raster
3.043938598633e+02 -7.717336067543e-03
3.043918151855e+02 6.588973715936e-04
3.043898010254e+02 -9.305432135777e-05
3.043877563477e+02 6.565810992249e-03
3.043857421875e+02 6.239805041095e-03
3.043836975098e+02 -2.410467023900e-03
3.043816833496e+02 -7.734162697980e-03
3.043796691895e+02 -4.513204014090e-04
3.043776245117e+02 -2.263326037144e-03
3.043756103516e+02 7.813796772159e-04
3.043735656738e+02 -3.526585031167e-03
3.043715515137e+02 -7.104955057011e-04
3.043695068359e+02 -6.093467524989e-03
3.043674926758e+02 1.344875637990e-03
3.043654785156e+02 -2.240663575264e-04
3.043634338379e+02 -2.007154321638e-03
3.043614196777e+02 -2.778551233659e-03
3.043593750000e+02 -7.644457226496e-03
3.043573608398e+02 1.755507671769e-03
3.043553161621e+02 -3.922853417756e-03
3.043533020020e+02 -2.877505915941e-03
3.043512573242e+02 1.495008539637e-03
3.043492431641e+02 -3.195609006077e-03
3.043472290039e+02 1.660281617822e-03
3.043451843262e+02 1.581983045378e-03
3.043431701660e+02 -5.708704265900e-03
3.043411254883e+02 -3.821239176098e-03
3.043391113281e+02 -6.733861289385e-03
3.043370666504e+02 -3.308369316838e-03
3.043350524902e+02 -6.438852616010e-03
3.043330078125e+02 -9.089245035827e-04
3.043309936523e+02 -1.576764420061e-03
3.043289794922e+02 -1.669538696433e-03
3.043269348145e+02 -2.008310651801e-03
3.043249206543e+02 1.848621337004e-03
3.043228759766e+02 7.569101812340e-04
3.043208618164e+02 6.999982331879e-04
3.043188171387e+02 7.874636428064e-04
3.043168029785e+02 -2.507080912461e-03
3.043147888184e+02 -1.566953733484e-03
3.043127441406e+02 -6.221839485051e-04
3.043107299805e+02 4.198466500381e-03
3.043086853027e+02 1.792044963124e-03
3.043066711426e+02 -4.147466379703e-03
3.043046264648e+02 -1.942362162341e-03
3.043026123047e+02 3.721155581790e-03
3.043005676270e+02 -1.149585540061e-03
3.042985534668e+02 -5.023991704195e-04
3.042965393066e+02 -3.646348888021e-03
3.042944946289e+02 5.084651354064e-04
3.042924804688e+02 -4.260102951215e-03
3.042904357910e+02 8.362001577823e-04
3.042884216309e+02 -7.361469618450e-04
3.042863769531e+02 -3.530680108876e-03
3.042843627930e+02 -4.450548383387e-03
3.042823486328e+02 -4.062970831256e-03
3.042803039551e+02 -7.900161522355e-04
3.042782897949e+02 -3.840885106367e-03
3.042762451172e+02 6.627717332927e-03
3.042742309570e+02 2.934876342936e-03
3.042721862793e+02 1.242689906971e-03
3.042701721191e+02 -2.515538573537e-03
3.042681274414e+02 1.502791833731e-03
3.042661132812e+02 6.086761286878e-03
3.042640991211e+02 -5.099868062970e-03
3.042620544434e+02 -4.544488407456e-04
3.042600402832e+02 2.281976569799e-03
3.042579956055e+02 1.041810919654e-03
3.042559814453e+02 -1.070772460298e-03
3.042539367676e+02 -1.332306925159e-03
3.042519226074e+02 -1.601381854779e-03
3.042498779297e+02 1.725015126146e-03
3.042478637695e+02 -1.136743122687e-03
3.042458496094e+02 -3.657376224665e-03
3.042438049316e+02 2.410259361307e-03
3.042417907715e+02 2.623206740044e-03
3.042397460938e+02 2.022379017567e-03
3.042377319336e+02 1.237041532145e-03
3.042356872559e+02 1.164315398205e-03
3.042336730957e+02 2.697974094745e-03
3.042316589355e+02 -1.514311743183e-03
3.042296142578e+02 -4.846827737231e-03
3.042276000977e+02 -5.739194665755e-03
3.042255554199e+02 -5.390118020490e-04
3.042235412598e+02 -6.666388828294e-03
3.042214965820e+02 3.505134450981e-04
3.042194824219e+02 8.404592674816e-04
3.042174377441e+02 -2.350060336155e-03
3.042154235840e+02 -1.248369633841e-03
3.042134094238e+02 2.227549897139e-03
3.042113647461e+02 -3.481995986385e-03
3.042093505859e+02 -2.387877816131e-03
3.042073059082e+02 -1.706304154379e-03
3.042052917480e+02 -5.394238728197e-03
3.042032470703e+02 -2.206472263234e-03
3.042012329102e+02 2.057961561676e-03
3.041991882324e+02 -3.927300878141e-03
3.041971740723e+02 -6.362002794130e-04
3.041951599121e+02 -3.849544946409e-03
3.041931152344e+02 2.099402795611e-04
3.041911010742e+02 -1.781937564610e-03
3.041890563965e+02 -3.943934389521e-03
3.041870422363e+02 2.162749393191e-03
3.041849975586e+02 -1.401174582038e-04
3.041829833984e+02 -1.643205839958e-03
3.041809692383e+02 3.459842369381e-03
3.041789245605e+02 -2.759754073571e-03
3.041769104004e+02 -1.365635459914e-03
3.041748657227e+02 -2.635003453479e-03
3.041728515625e+02 -6.790197694954e-03
3.041708068848e+02 2.131499153289e-03
3.041687927246e+02 2.129758459160e-03
3.041667480469e+02 -3.751081883260e-03
3.041647338867e+02 2.310154547745e-04
3.041627197266e+02 -1.229130326477e-03
3.041606750488e+02 -3.634225051241e-06
3.041586608887e+02 -2.963746688469e-03
3.041566162109e+02 -2.236251460434e-03
3.041546020508e+02 -1.706999740616e-03
3.041525573730e+02 1.509804439731e-03
3.041505432129e+02 -4.111793713366e-03
3.041484985352e+02 4.184179504768e-03
3.041464843750e+02 9.991541979433e-05
3.041444702148e+02 -1.216790376284e-03
3.041424255371e+02 6.044582654046e-03
3.041404113770e+02 1.103039126336e-02
3.041383666992e+02 6.416945285410e-03
3.041363525391e+02 7.864057437579e-03
3.041343078613e+02 1.428223558552e-03
3.041322937012e+02 -3.141262918901e-03
3.041302795410e+02 -1.268958867264e-03
3.041282348633e+02 -1.681908210532e-03
3.041262207031e+02 -2.406668538917e-03
3.041241760254e+02 -1.520481301047e-03
3.041221618652e+02 -2.674528248982e-03
3.041201171875e+02 3.988399456635e-03
3.041181030273e+02 -2.391195172398e-03
3.041160583496e+02 -3.911811537577e-03
3.041140441895e+02 1.028863359682e-03
3.041120300293e+02 -3.369027059358e-03
3.041099853516e+02 -2.995255612543e-03
3.041079711914e+02 -2.207577780435e-04
3.041059265137e+02 1.282391251439e-03
3.041039123535e+02 -2.046443082735e-03
3.041018676758e+02 -2.156103474983e-03
3.040998535156e+02 2.629344588236e-03
3.040978088379e+02 -3.998291443952e-03
3.040957946777e+02 -2.641514426765e-03
3.040937805176e+02 -1.561262681730e-03
3.040917358398e+02 -1.342145149083e-03
3.040897216797e+02 3.494782136971e-03
3.040876770020e+02 -1.898359746501e-03
3.040856628418e+02 -6.116294033761e-05
3.040836181641e+02 -3.737544952533e-03
3.040816040039e+02 6.393575375967e-04
3.040795898438e+02 1.005527186470e-03
3.040775451660e+02 2.634065037907e-03
3.040755310059e+02 -2.965921006409e-04
3.040734863281e+02 1.696875533593e-03
3.040714721680e+02 -6.239369211912e-03
3.040694274902e+02 -2.310845961657e-03
3.040674133301e+02 1.406910247870e-03
3.040653686523e+02 1.733368121462e-03
3.040633544922e+02 -1.648188788497e-03
3.040613403320e+02 -1.049289276371e-03
3.040592956543e+02 5.292103541919e-04
3.040572814941e+02 -2.722926269164e-04
3.040552368164e+02 -3.713032660414e-03
3.040532226562e+02 8.670576030574e-04
3.040511779785e+02 -3.104817061076e-03
3.040491638184e+02 -4.352555779722e-04
3.040471191406e+02 2.608506565014e-03
3.040451049805e+02 -2.221919642126e-03
3.040430908203e+02 -3.809765758270e-03
3.040410461426e+02 7.229243264246e-04
3.040390319824e+02 9.611877063481e-04
3.040369873047e+02 -9.633802633103e-04
3.040349731445e+02 -3.056593563302e-03
3.040329284668e+02 3.379446428597e-03
3.040309143066e+02 1.440008112640e-03
3.040289001465e+02 -2.720736632829e-03
3.040268554688e+02 -1.366510694560e-03
3.040248413086e+02 5.910322946893e-04
3.040227966309e+02 3.242610250947e-04
3.040207824707e+02 1.558880134954e-04
3.040187377930e+02 2.668940909315e-03
3.040167236328e+02 1.177863057769e-03
3.040146789551e+02 1.415281362999e-03
3.040126647949e+02 8.841883125655e-03
3.040106506348e+02 1.120494514280e-02
3.040086059570e+02 1.464333031588e-02
3.040065917969e+02 1.297865547790e-02
3.040045471191e+02 9.566216923182e-03
3.040025329590e+02 5.564721848630e-03
3.040004882812e+02 2.627837544325e-03
3.039984741211e+02 1.728378497201e-03
3.039964294434e+02 1.345999781644e-03
3.039944152832e+02 -1.236455022413e-03
3.039924011230e+02 5.788241661340e-03
3.039903564453e+02 8.254839573984e-04
3.039883422852e+02 -6.640342193337e-05
3.039862976074e+02 -2.732448230828e-03
3.039842834473e+02 -2.368454807243e-03
3.039822387695e+02 -3.992929648272e-04
3.039802246094e+02 6.569275571995e-04
3.039782104492e+02 2.167902334186e-03
3.039761657715e+02 2.926643749009e-03
3.039741516113e+02 -3.285510398039e-04
3.039721069336e+02 -6.062289049082e-03
3.039700927734e+02 1.032998610924e-04
3.039680480957e+02 -5.784551418398e-03
3.039660339355e+02 -2.905042071042e-03
3.039639892578e+02 -5.441678305646e-03
3.039619750977e+02 1.800806607903e-03
3.039599609375e+02 -1.666291196813e-03
3.039579162598e+02 -1.691727122551e-03
3.039559020996e+02 1.012009728339e-04
3.039538574219e+02 -1.620675283162e-03
3.039518432617e+02 -4.773716259244e-04
3.039497985840e+02 -1.780250395455e-03
3.039477844238e+02 -1.049784114155e-03
3.039457397461e+02 3.234855984317e-04
3.039437255859e+02 1.248560249504e-03
3.039417114258e+02 -1.966012928883e-03
3.039396667480e+02 -1.735348545483e-03
3.039376525879e+02 -1.026429940339e-03
3.039356079102e+02 3.583178451976e-03
3.039335937500e+02 -3.654776985192e-03
3.039315490723e+02 -1.403648204716e-03
3.039295349121e+02 1.579772428207e-03
3.039275207520e+02 1.426709838921e-03
3.039254760742e+02 5.504266285074e-04
3.039234619141e+02 2.267322409557e-03
3.039214172363e+02 5.417915839994e-04
3.039194030762e+02 -2.330489716358e-04
3.039173583984e+02 -1.073743155935e-03
3.039153442383e+02 -8.132889180237e-03
3.039132995605e+02 -3.606110505677e-03
3.039112854004e+02 1.009286332385e-03
3.039092712402e+02 -4.041961027440e-04
3.039072265625e+02 -2.688420184990e-03
3.039052124023e+02 -1.238439514451e-04
3.039031677246e+02 -3.353289763460e-03
3.039011535645e+02 2.816136017091e-03
3.038991088867e+02 3.199557217935e-04
3.038970947266e+02 8.877497141019e-04
3.038950500488e+02 1.044772913012e-03
3.038930358887e+02 -2.969333551299e-03
3.038910217285e+02 3.948382326744e-04
3.038889770508e+02 -1.218001304304e-03
3.038869628906e+02 -1.424910613029e-03
3.038849182129e+02 2.575582865025e-03
3.038829040527e+02 3.325569787625e-03
3.038808593750e+02 -2.131584030307e-03
3.038788452148e+02 -1.617883163050e-03
3.038768310547e+02 1.986903642614e-03
3.038747863770e+02 -4.643928927221e-04
3.038727722168e+02 3.973985383914e-03
3.038707275391e+02 -9.482879493038e-04
3.038687133789e+02 7.412377351924e-04
3.038666687012e+02 2.005137538781e-03
3.038646545410e+02 2.997639560029e-03
3.038626098633e+02 7.177253110371e-03
3.038605957031e+02 7.329978814189e-03
3.038585815430e+02 7.224212035942e-03
3.038565368652e+02 1.053327801190e-02
3.038545227051e+02 9.610793570197e-03
3.038524780273e+02 6.839206066727e-03
3.038504638672e+02 4.548098303334e-03
3.038484191895e+02 -2.397610778248e-03
3.038464050293e+02 -6.726537666333e-04
3.038443603516e+02 5.431449194442e-03
3.038423461914e+02 2.067532339547e-04
3.038403320312e+02 -8.855964962071e-04
3.038382873535e+02 -2.685716577779e-04
3.038362731934e+02 -7.340676179504e-03
3.038342285156e+02 2.526059568700e-04
3.038322143555e+02 3.376409929429e-03
3.038301696777e+02 5.764621770005e-04
3.038281555176e+02 5.425275225834e-04
3.038261413574e+02 3.079700020202e-04
3.038240966797e+02 -4.694939776735e-04
3.038220825195e+02 -5.985910699965e-03
3.038200378418e+02 9.337826814716e-04
3.038180236816e+02 -1.055733611660e-03
3.038159790039e+02 -2.123242002246e-03
3.038139648438e+02 8.991342613994e-04
3.038119201660e+02 -4.300882543758e-03
3.038099060059e+02 -1.924470903490e-04
3.038078918457e+02 -4.089478150535e-04
3.038058471680e+02 -2.617434149132e-03
3.038038330078e+02 4.512539601083e-03
3.038017883301e+02 -7.654835110900e-03
3.037997741699e+02 2.366256111003e-03
3.037977294922e+02 2.118402581698e-03
3.037957153320e+02 3.468200133069e-04
3.037937011719e+02 1.720410428700e-03
3.037916564941e+02 6.826571550365e-04
3.037896423340e+02 6.510657381307e-04
3.037875976562e+02 2.933173557363e-03
3.037855834961e+02 -1.112204485314e-03
3.037835388184e+02 -9.179586012064e-04
3.037815246582e+02 -4.967956302097e-03
3.037794799805e+02 2.173051460484e-03
3.037774658203e+02 2.873257535078e-03
3.037754516602e+02 -2.991025828330e-03
3.037734069824e+02 4.397656232380e-04
3.037713928223e+02 -1.697342237983e-03
3.037693481445e+02 5.333391085270e-04
3.037673339844e+02 -6.797764624177e-03
3.037652893066e+02 -3.908501572286e-03
3.037632751465e+02 3.268078422800e-04
3.037612304688e+02 -2.448460456796e-03
3.037592163086e+02 6.464854785900e-04
3.037572021484e+02 -2.699808964217e-03
3.037551574707e+02 1.344773117996e-03
3.037531433105e+02 2.204750642592e-03
3.037510986328e+02 -1.689690431742e-03
3.037490844727e+02 -3.696096595843e-03
3.037470397949e+02 7.679565317610e-04
3.037450256348e+02 1.245812117622e-03
3.037430114746e+02 5.635892420477e-04
3.037409667969e+02 2.419440861225e-03
3.037389526367e+02 -3.465520069694e-03
3.037369079590e+02 -4.446794721099e-03
3.037348937988e+02 -6.328533473197e-03
3.037328491211e+02 -1.162978585169e-03
3.037308349609e+02 -1.174408923737e-04
3.037287902832e+02 -1.523168993817e-03
3.037267761230e+02 -1.943447086137e-03
3.037247619629e+02 1.328849736388e-03
3.037227172852e+02 3.273473239455e-04
3.037207031250e+02 8.431207342065e-04
3.037186584473e+02 1.596217350482e-03
3.037166442871e+02 -1.719814263015e-03
3.037145996094e+02 -8.818327011293e-04
3.037125854492e+02 3.024500275263e-03
3.037105407715e+02 -1.985630844969e-03
3.037085266113e+02 5.464429518847e-04
3.037065124512e+02 -2.656930811241e-03
3.037044677734e+02 -7.072490193599e-04
3.037024536133e+02 4.678177757735e-04
3.037004089355e+02 7.672270900836e-04
3.036983947754e+02 -1.841144768427e-03
3.036963500977e+02 2.799861325690e-03
3.036943359375e+02 -4.431453855712e-04
3.036923217773e+02 3.189490589000e-04
3.036902770996e+02 4.889947110216e-04
3.036882629395e+02 -3.422302647063e-03
3.036862182617e+02 1.740125381152e-03
3.036842041016e+02 -1.742091976895e-03
3.036821594238e+02 -1.690362891376e-03
3.036801452637e+02 -1.625487881619e-03
3.036781005859e+02 -4.049277870462e-05
3.036760864258e+02 -4.921572740190e-04
3.036740722656e+02 -1.096321158029e-03
3.036720275879e+02 -4.414110870212e-03
3.036700134277e+02 -6.779236519468e-04
3.036679687500e+02 -5.465166232291e-04
3.036659545898e+02 3.701989230515e-04
3.036639099121e+02 -2.590462330835e-03
3.036618957520e+02 -2.813964657031e-05
3.036598510742e+02 -8.611127547144e-04
3.036578369141e+02 2.629334336236e-03
3.036558227539e+02 3.153400332502e-03
3.036537780762e+02 3.426836653397e-03
3.036517639160e+02 -3.602569274354e-03
3.036497192383e+02 -9.347441640421e-04
3.036477050781e+02 2.444771405946e-03
3.036456604004e+02 6.233932672004e-04
3.036436462402e+02 2.058706619771e-03
3.036416320801e+02 -1.442376205289e-03
3.036395874023e+02 -2.032972372772e-04
3.036375732422e+02 -2.164877040692e-03
3.036355285645e+02 -2.359502666010e-03
3.036335144043e+02 3.202104005317e-03
3.036314697266e+02 2.930830856294e-04
3.036294555664e+02 4.398308307225e-04
3.036274108887e+02 -3.336912075228e-03
3.036253967285e+02 -1.232358394983e-03
3.036233825684e+02 -5.072880509046e-03
3.036213378906e+02 -3.709006962515e-03
3.036193237305e+02 -1.639575916918e-03
3.036172790527e+02 3.787735165259e-03
3.036152648926e+02 1.514509988241e-03
3.036132202148e+02 2.943421980473e-03
3.036112060547e+02 -2.047061302140e-03
3.036091613770e+02 -3.829869213815e-03
3.036071472168e+02 -4.561206557435e-03
3.036051330566e+02 -1.090812973335e-03
3.036030883789e+02 4.044739498088e-04
3.036010742188e+02 -1.148272092046e-03
3.035990295410e+02 1.410764522803e-04
3.035970153809e+02 2.707275757632e-03
3.035949707031e+02 -4.379094331836e-03
3.035929565430e+02 -5.237212906683e-03
3.035909423828e+02 1.884377807475e-03
3.035888977051e+02 -7.821725121614e-06
3.035868835449e+02 2.377544039166e-03
3.035848388672e+02 -1.734181367274e-03
3.035828247070e+02 -1.262487113836e-03
3.035807800293e+02 2.171708210145e-03
3.035787658691e+02 9.831915145207e-06
3.035767211914e+02 1.377535766227e-03
3.035747070312e+02 -5.447076579370e-03
3.035726928711e+02 -5.119239335024e-04
3.035706481934e+02 4.427346916678e-03
3.035686340332e+02 -3.398937386783e-03
3.035665893555e+02 1.196319517691e-03
3.035645751953e+02 1.260716736593e-03
3.035625305176e+02 -2.386003696999e-04
3.035605163574e+02 -4.745727287635e-03
3.035584716797e+02 -1.724382840044e-03
3.035564575195e+02 -3.951069542677e-03
3.035544433594e+02 -4.548938490447e-04
3.035523986816e+02 -6.753554188117e-03
3.035503845215e+02 -4.972580669077e-03
3.035483398438e+02 2.098354200848e-03
3.035463256836e+02 -1.299550952648e-03
3.035442810059e+02 1.269698084104e-03
3.035422668457e+02 1.004656839406e-03
3.035402526855e+02 4.939447160728e-03
3.035382080078e+02 2.860613481972e-03
3.035361938477e+02 2.110503535378e-03
3.035341491699e+02 -1.848594991749e-03
3.035321350098e+02 -8.032492065483e-03
3.035300903320e+02 2.347719304016e-03
3.035280761719e+02 -1.296894492713e-03
3.035260314941e+02 3.133855014878e-03
3.035240173340e+02 -2.545009733919e-03
3.035220031738e+02 -3.474409506838e-03
3.035199584961e+02 -1.138108307536e-03
3.035179443359e+02 -1.422449298710e-03
3.035158996582e+02 -7.935386557788e-03
3.035138854980e+02 -6.664817649783e-03
3.035118408203e+02 4.846620789895e-04
3.035098266602e+02 2.174449308679e-03
3.035077819824e+02 1.487099837365e-03
3.035057678223e+02 -5.005476235672e-03
3.035037536621e+02 7.094520667401e-05
3.035017089844e+02 2.288559545499e-03
3.034996948242e+02 8.564194251573e-04
3.034976501465e+02 1.086487821686e-03
3.034956359863e+02 -2.250198947974e-03
3.034935913086e+02 -9.064443541958e-04
3.034915771484e+02 -1.635936576345e-03
3.034895629883e+02 1.794608082180e-03
3.034875183105e+02 -7.748939763006e-04
3.034855041504e+02 3.513111758203e-03
3.034834594727e+02 -2.626733427833e-03
3.034814453125e+02 1.274391771289e-04
3.034794006348e+02 -1.016579557066e-03
3.034773864746e+02 -9.110225871784e-04
3.034753417969e+02 1.028432418080e-03
3.034733276367e+02 -9.348181930145e-04
3.034713134766e+02 5.439787169387e-04
3.034692687988e+02 2.029171086371e-03
3.034672546387e+02 -1.751635038604e-03
3.034652099609e+02 4.399208039380e-04
3.034631958008e+02 -1.509015631825e-03
3.034611511230e+02 4.069313242598e-03
3.034591369629e+02 5.966463372381e-04
