#title: Spectral profile - SiO_34_35_SiO7_6_2kms_0.5robust.image.pbcor.fits-raster
#region (world): Polygon[[17:45:38.134, -29d00m03.235], [17:45:38.122, -29d00m03.225], [17:45:38.118, -29d00m03.265], [17:45:38.109, -29d00m03.346], [17:45:38.099, -29d00m03.397], [17:45:38.088, -29d00m03.326], [17:45:38.082, -29d00m03.215], [17:45:38.08, -29d00m03.043], [17:45:38.079, -29d00m02.972], [17:45:38.073, -29d00m02.8], [17:45:38.065, -29d00m02.527], [17:45:38.048, -29d00m02.517], [17:45:38.045, -29d00m02.456], [17:45:38.055, -29d00m02.335], [17:45:38.062, -29d00m02.295], [17:45:38.077, -29d00m02.234], [17:45:38.08, -29d00m02.386], [17:45:38.082, -29d00m02.406], [17:45:38.095, -29d00m02.456], [17:45:38.1, -29d00m02.527], [17:45:38.109, -29d00m02.588], [17:45:38.119, -29d00m02.699], [17:45:38.12, -29d00m02.729], [17:45:38.129, -29d00m02.79], [17:45:38.135, -29d00m03.002], [17:45:38.145, -29d00m03.093], [17:45:38.143, -29d00m03.245], [17:45:38.136, -29d00m03.275]]
#region (pixel): Polygon[[412, 403], [415, 403], [416, 402], [419, 401], [422, 400], [424, 401], [426, 403], [426, 407], [427, 408], [428, 411], [430, 417], [435, 417], [436, 418], [433, 421], [431, 422], [427, 423], [426, 420], [426, 419], [423, 418], [421, 417], [419, 416], [416, 414], [416, 413], [413, 412], [412, 407], [409, 406], [410, 403], [412, 402]]
#coordinate: world
#xLabel: frequency [GHz]
#yLabel: [Jy/beam] Mean

# SiO_34_35_SiO7_6_2kms_0.5robust.image.pbcor.fits-raster
3.043938598633e+02 -2.226873026761e-03
3.043918151855e+02 1.328899327455e-03
3.043898010254e+02 2.010336971401e-03
3.043877563477e+02 1.990700935503e-03
3.043857421875e+02 2.923391481017e-03
3.043836975098e+02 -2.730434785832e-03
3.043816833496e+02 -2.744684588144e-03
3.043796691895e+02 -3.952133128009e-03
3.043776245117e+02 -3.853303079045e-04
3.043756103516e+02 6.348727647015e-04
3.043735656738e+02 -5.750070368176e-03
3.043715515137e+02 -1.812983122153e-03
3.043695068359e+02 -8.519721435854e-04
3.043674926758e+02 -1.721212349629e-03
3.043654785156e+02 2.900679964511e-03
3.043634338379e+02 1.608735995410e-03
3.043614196777e+02 -4.093707994352e-04
3.043593750000e+02 -4.490324710502e-03
3.043573608398e+02 -1.943655553392e-04
3.043553161621e+02 4.541986502373e-04
3.043533020020e+02 8.985928127805e-04
3.043512573242e+02 -4.618390779512e-03
3.043492431641e+02 1.878585159600e-04
3.043472290039e+02 -4.157944221101e-04
3.043451843262e+02 -3.012567663231e-03
3.043431701660e+02 -5.718074712550e-04
3.043411254883e+02 -3.174183996286e-03
3.043391113281e+02 -6.296772063836e-04
3.043370666504e+02 6.024329650440e-05
3.043350524902e+02 -3.783865869955e-03
3.043330078125e+02 -5.686554702012e-03
3.043309936523e+02 -3.426773234052e-03
3.043289794922e+02 -3.305754520552e-04
3.043269348145e+02 -2.691802152695e-03
3.043249206543e+02 -1.040560414147e-03
3.043228759766e+02 -2.638731128141e-03
3.043208618164e+02 2.766588580884e-03
3.043188171387e+02 -1.114088588225e-03
3.043168029785e+02 -3.145811945606e-03
3.043147888184e+02 -1.591864303858e-03
3.043127441406e+02 -3.074946311137e-03
3.043107299805e+02 -1.888348192261e-03
3.043086853027e+02 -3.764433801161e-03
3.043066711426e+02 3.300887205028e-04
3.043046264648e+02 3.740570722864e-03
3.043026123047e+02 -2.501727223013e-03
3.043005676270e+02 -2.278948176863e-03
3.042985534668e+02 -3.865820829903e-03
3.042965393066e+02 1.590258793070e-03
3.042944946289e+02 -5.564353134280e-04
3.042924804688e+02 5.998890088818e-04
3.042904357910e+02 -1.713867745742e-03
3.042884216309e+02 1.057109406137e-03
3.042863769531e+02 -1.205109176655e-03
3.042843627930e+02 -1.012905526588e-03
3.042823486328e+02 -2.276727546112e-03
3.042803039551e+02 -1.293543877053e-03
3.042782897949e+02 -1.210695085810e-03
3.042762451172e+02 -3.849528495526e-03
3.042742309570e+02 2.512945056111e-04
3.042721862793e+02 -4.767136800218e-04
3.042701721191e+02 -1.231725870462e-03
3.042681274414e+02 -2.002765512225e-03
3.042661132812e+02 8.965735861335e-04
3.042640991211e+02 -2.016975975470e-03
3.042620544434e+02 -1.757621848619e-03
3.042600402832e+02 3.620458536449e-03
3.042579956055e+02 -6.588816359667e-04
3.042559814453e+02 1.569442376533e-04
3.042539367676e+02 -1.963934097589e-04
3.042519226074e+02 -1.584190563107e-03
3.042498779297e+02 -6.596531585253e-04
3.042478637695e+02 -4.316504802687e-04
3.042458496094e+02 6.036404061929e-04
3.042438049316e+02 1.586857036622e-03
3.042417907715e+02 8.602650574162e-04
3.042397460938e+02 7.169345957820e-04
3.042377319336e+02 1.071939638507e-03
3.042356872559e+02 5.051812173466e-04
3.042336730957e+02 4.392950743475e-03
3.042316589355e+02 5.235870610019e-03
3.042296142578e+02 4.676707489893e-03
3.042276000977e+02 1.071539452903e-03
3.042255554199e+02 3.620298676784e-04
3.042235412598e+02 -6.650757509459e-04
3.042214965820e+02 1.509622258126e-04
3.042194824219e+02 -2.307293524660e-03
3.042174377441e+02 3.256853377539e-04
3.042154235840e+02 7.101222017931e-04
3.042134094238e+02 -1.191940364231e-03
3.042113647461e+02 -2.632031804168e-03
3.042093505859e+02 -7.562795640624e-05
3.042073059082e+02 -1.901631445608e-03
3.042052917480e+02 -5.949821754769e-04
3.042032470703e+02 4.975680647194e-04
3.042012329102e+02 1.163039858746e-03
3.041991882324e+02 -3.933974393301e-04
3.041971740723e+02 -1.029856492321e-03
3.041951599121e+02 -8.055756474699e-04
3.041931152344e+02 1.156935746785e-03
3.041911010742e+02 -2.381132954208e-03
3.041890563965e+02 -2.535356880448e-03
3.041870422363e+02 -2.909011263735e-03
3.041849975586e+02 -9.046029282126e-04
3.041829833984e+02 -2.513862490847e-03
3.041809692383e+02 -4.388618200849e-03
3.041789245605e+02 -2.616780405357e-03
3.041769104004e+02 -2.195746526106e-03
3.041748657227e+02 6.694588979170e-04
3.041728515625e+02 -3.280254162190e-04
3.041708068848e+02 -9.591129132684e-06
3.041687927246e+02 -2.408754701583e-03
3.041667480469e+02 -1.476320456054e-03
3.041647338867e+02 6.009713696777e-04
3.041627197266e+02 -3.211585674240e-03
3.041606750488e+02 2.113491158735e-03
3.041586608887e+02 5.982036874708e-04
3.041566162109e+02 -6.828945603479e-04
3.041546020508e+02 -3.018344784095e-03
3.041525573730e+02 -1.003866243360e-03
3.041505432129e+02 2.389058703409e-03
3.041484985352e+02 1.586813853055e-04
3.041464843750e+02 -1.311944427815e-03
3.041444702148e+02 -1.845688788341e-03
3.041424255371e+02 2.629053717555e-03
3.041404113770e+02 5.890532773377e-03
3.041383666992e+02 1.039273025284e-02
3.041363525391e+02 4.527897573004e-03
3.041343078613e+02 8.223220262103e-03
3.041322937012e+02 9.069469882681e-03
3.041302795410e+02 9.112192586737e-03
3.041282348633e+02 5.263116609695e-03
3.041262207031e+02 3.310535826569e-03
3.041241760254e+02 1.591841415673e-03
3.041221618652e+02 -1.293101491358e-03
3.041201171875e+02 -6.742201767724e-04
3.041181030273e+02 -2.558741452634e-03
3.041160583496e+02 1.813014682814e-04
3.041140441895e+02 -1.085693768571e-03
3.041120300293e+02 -2.401678974261e-04
3.041099853516e+02 -1.951746675688e-03
3.041079711914e+02 -1.551824732817e-04
3.041059265137e+02 -6.585959508907e-04
3.041039123535e+02 -2.367212288759e-04
3.041018676758e+02 -1.297717603094e-04
3.040998535156e+02 -1.765241349141e-03
3.040978088379e+02 4.286777431728e-05
3.040957946777e+02 3.836008790542e-04
3.040937805176e+02 -2.860782282334e-03
3.040917358398e+02 -2.373268240166e-03
3.040897216797e+02 -1.457859346970e-03
3.040876770020e+02 -3.817918720389e-03
3.040856628418e+02 -9.263195239401e-04
3.040836181641e+02 -1.635550099810e-03
3.040816040039e+02 4.697193428461e-04
3.040795898438e+02 -1.217456398616e-03
3.040775451660e+02 -8.554604459819e-04
3.040755310059e+02 -3.446363612790e-03
3.040734863281e+02 4.052552177273e-04
3.040714721680e+02 -1.639682013191e-03
3.040694274902e+02 -1.613884764079e-03
3.040674133301e+02 4.120716648322e-04
3.040653686523e+02 4.222914777108e-04
3.040633544922e+02 2.408771867722e-03
3.040613403320e+02 -1.287550033690e-03
3.040592956543e+02 -6.148060256197e-04
3.040572814941e+02 -1.528791500226e-03
3.040552368164e+02 2.652409202673e-04
3.040532226562e+02 -1.248764097399e-03
3.040511779785e+02 1.986485814034e-03
3.040491638184e+02 -2.610237722399e-03
3.040471191406e+02 -1.501165401712e-04
3.040451049805e+02 -1.900624007854e-03
3.040430908203e+02 -2.209551439329e-03
3.040410461426e+02 -3.901167697236e-04
3.040390319824e+02 1.401830859010e-03
3.040369873047e+02 -2.092542747706e-03
3.040349731445e+02 -2.241033183683e-03
3.040329284668e+02 8.409517806848e-04
3.040309143066e+02 -5.458980461963e-04
3.040289001465e+02 -2.152197224798e-03
3.040268554688e+02 7.265991317635e-04
3.040248413086e+02 1.225563107528e-03
3.040227966309e+02 -1.822960224907e-03
3.040207824707e+02 -6.433981366579e-04
3.040187377930e+02 -2.484066604345e-03
3.040167236328e+02 7.636191611593e-04
3.040146789551e+02 4.263869488106e-03
3.040126647949e+02 3.793568076074e-03
3.040106506348e+02 7.775636565459e-03
3.040086059570e+02 1.058521988601e-02
3.040065917969e+02 1.563007238240e-02
3.040045471191e+02 2.344513813751e-02
3.040025329590e+02 2.411883659480e-02
3.040004882812e+02 2.451533624742e-02
3.039984741211e+02 2.002658748380e-02
3.039964294434e+02 9.869318477190e-03
3.039944152832e+02 7.914376634763e-03
3.039924011230e+02 4.519566273780e-03
3.039903564453e+02 9.946796770475e-04
3.039883422852e+02 -2.552497031332e-03
3.039862976074e+02 -9.231916508477e-04
3.039842834473e+02 -1.681578537226e-04
3.039822387695e+02 1.128172481001e-04
3.039802246094e+02 -1.465698192595e-03
3.039782104492e+02 -2.129374605229e-03
3.039761657715e+02 7.857293263750e-05
3.039741516113e+02 -1.941902968136e-03
3.039721069336e+02 -7.696761258445e-04
3.039700927734e+02 1.076507738700e-03
3.039680480957e+02 3.102910904445e-03
3.039660339355e+02 -4.435706051272e-04
3.039639892578e+02 -3.172372968673e-03
3.039619750977e+02 1.445314237579e-03
3.039599609375e+02 -8.451508088994e-04
3.039579162598e+02 -1.958901856005e-03
3.039559020996e+02 -2.908504862649e-03
3.039538574219e+02 -4.458591181215e-05
3.039518432617e+02 7.132000814874e-05
3.039497985840e+02 -1.032237459574e-03
3.039477844238e+02 -1.834670153976e-03
3.039457397461e+02 1.552263333616e-03
3.039437255859e+02 -1.982560102931e-04
3.039417114258e+02 5.431079526418e-04
3.039396667480e+02 7.418630475504e-04
3.039376525879e+02 5.690780552318e-04
3.039356079102e+02 -1.888999909478e-03
3.039335937500e+02 -2.160186870181e-03
3.039315490723e+02 1.037924935049e-03
3.039295349121e+02 -1.701451859226e-03
3.039275207520e+02 -1.880422770885e-04
3.039254760742e+02 5.089864972591e-04
3.039234619141e+02 -1.387481516936e-03
3.039214172363e+02 -7.862704173660e-04
3.039194030762e+02 8.642366939001e-04
3.039173583984e+02 1.058744242411e-03
3.039153442383e+02 9.038852286508e-04
3.039132995605e+02 3.548469413977e-04
3.039112854004e+02 -2.620479946625e-03
3.039092712402e+02 -2.117747645830e-03
3.039072265625e+02 -2.929440875912e-03
3.039052124023e+02 6.771440827608e-04
3.039031677246e+02 -4.370810299098e-05
3.039011535645e+02 1.089184931990e-04
3.038991088867e+02 -7.027386760709e-04
3.038970947266e+02 -2.011613702953e-03
3.038950500488e+02 -4.651711684873e-03
3.038930358887e+02 -4.694388731768e-04
3.038910217285e+02 -6.598671988148e-04
3.038889770508e+02 -8.670304233381e-04
3.038869628906e+02 7.478658912155e-04
3.038849182129e+02 -8.731080112313e-04
3.038829040527e+02 -3.139917522795e-03
3.038808593750e+02 5.883729737317e-04
3.038788452148e+02 -4.149590927762e-04
3.038768310547e+02 -1.987912987716e-03
3.038747863770e+02 -3.175449999001e-03
3.038727722168e+02 8.814881862662e-04
3.038707275391e+02 -2.963297031008e-03
3.038687133789e+02 9.514745329741e-04
3.038666687012e+02 1.819942232982e-05
3.038646545410e+02 6.008663462886e-04
3.038626098633e+02 1.041187574249e-03
3.038605957031e+02 2.889113325015e-03
3.038585815430e+02 7.311081279875e-03
3.038565368652e+02 7.231276378776e-03
3.038545227051e+02 9.242598972630e-03
3.038524780273e+02 1.540214802465e-02
3.038504638672e+02 1.259161150658e-02
3.038484191895e+02 1.467971013176e-02
3.038464050293e+02 1.019746638096e-02
3.038443603516e+02 4.992742775595e-03
3.038423461914e+02 5.505363249009e-03
3.038403320312e+02 3.644619637984e-03
3.038382873535e+02 1.210955796539e-03
3.038362731934e+02 1.631137806166e-03
3.038342285156e+02 -1.757054412374e-03
3.038322143555e+02 -1.361061041629e-03
3.038301696777e+02 -2.745128046723e-03
3.038281555176e+02 2.718633065606e-03
3.038261413574e+02 -7.850709930422e-04
3.038240966797e+02 -1.764538491137e-03
3.038220825195e+02 -1.378417676593e-03
3.038200378418e+02 -2.282667030036e-03
3.038180236816e+02 -1.219892202145e-03
3.038159790039e+02 -9.448802323908e-04
3.038139648438e+02 8.272090351094e-04
3.038119201660e+02 -2.795483721951e-03
3.038099060059e+02 -3.316895880887e-03
3.038078918457e+02 1.227286039471e-03
3.038058471680e+02 -2.076200345425e-03
3.038038330078e+02 -3.399067086496e-03
3.038017883301e+02 -2.052297928061e-03
3.037997741699e+02 5.473841688750e-04
3.037977294922e+02 7.989562533300e-04
3.037957153320e+02 -1.007332030101e-04
3.037937011719e+02 -1.501494121343e-03
3.037916564941e+02 -1.139715606464e-03
3.037896423340e+02 -2.273787368055e-03
3.037875976562e+02 -2.679911263916e-03
3.037855834961e+02 1.494584035337e-03
3.037835388184e+02 -4.311790194270e-03
3.037815246582e+02 -2.227489577236e-03
3.037794799805e+02 1.484477352079e-03
3.037774658203e+02 -3.224537287328e-03
3.037754516602e+02 -1.640387493800e-03
3.037734069824e+02 -3.074030068494e-03
3.037713928223e+02 -2.469846365938e-03
3.037693481445e+02 7.340457192029e-04
3.037673339844e+02 -1.908979983402e-03
3.037652893066e+02 -1.203122315332e-03
3.037632751465e+02 -1.550184442717e-03
3.037612304688e+02 -7.262999164325e-04
3.037592163086e+02 -3.389414471444e-03
3.037572021484e+02 -7.460692283227e-04
3.037551574707e+02 -9.558733559675e-04
3.037531433105e+02 -1.176619704820e-03
3.037510986328e+02 -2.491917728528e-03
3.037490844727e+02 2.298012127353e-03
3.037470397949e+02 -7.914005297808e-04
3.037450256348e+02 1.545841767302e-04
3.037430114746e+02 1.346902076799e-03
3.037409667969e+02 -1.055795958122e-03
3.037389526367e+02 -3.356522957964e-03
3.037369079590e+02 4.537501252641e-04
3.037348937988e+02 -1.592925743423e-03
3.037328491211e+02 1.456482479610e-03
3.037308349609e+02 -3.900912589344e-04
3.037287902832e+02 -9.558353878070e-04
3.037267761230e+02 -4.729714916288e-04
3.037247619629e+02 5.962717816325e-04
3.037227172852e+02 2.549583734971e-04
3.037207031250e+02 1.035506536077e-03
3.037186584473e+02 -2.580622557189e-03
3.037166442871e+02 3.538784552811e-04
3.037145996094e+02 -3.178711088481e-04
3.037125854492e+02 -9.799441564615e-04
3.037105407715e+02 -2.977894447625e-03
3.037085266113e+02 -1.320061627145e-03
3.037065124512e+02 1.551855280199e-03
3.037044677734e+02 -1.457641074750e-03
3.037024536133e+02 8.788280606458e-05
3.037004089355e+02 -7.745415340193e-04
3.036983947754e+02 8.177662284170e-04
3.036963500977e+02 -1.263466537406e-03
3.036943359375e+02 1.711616955039e-03
3.036923217773e+02 2.126782041477e-03
3.036902770996e+02 -3.547501255686e-03
3.036882629395e+02 -1.050685247020e-04
3.036862182617e+02 -1.361967270691e-03
3.036842041016e+02 -2.586722198802e-04
3.036821594238e+02 -2.800921811580e-03
3.036801452637e+02 -1.699692210820e-03
3.036781005859e+02 -2.485873340424e-03
3.036760864258e+02 -1.537500573706e-03
3.036740722656e+02 2.749711405705e-03
3.036720275879e+02 -1.760976517396e-03
3.036700134277e+02 -1.235575734651e-03
3.036679687500e+02 -4.522746271137e-05
3.036659545898e+02 -2.563995483111e-03
3.036639099121e+02 -5.413767207509e-05
3.036618957520e+02 -3.587572745016e-03
3.036598510742e+02 4.016251158741e-04
3.036578369141e+02 -8.193462284158e-04
3.036558227539e+02 -1.690279325661e-03
3.036537780762e+02 7.948431750173e-04
3.036517639160e+02 -1.022253085053e-03
3.036497192383e+02 -4.100529388643e-03
3.036477050781e+02 3.118902034186e-05
3.036456604004e+02 1.438554593703e-03
3.036436462402e+02 -1.462081859416e-03
3.036416320801e+02 -2.971627138139e-03
3.036395874023e+02 -8.176517278890e-04
3.036375732422e+02 -2.829723254140e-03
3.036355285645e+02 3.247460579146e-04
3.036335144043e+02 -3.688307281680e-04
3.036314697266e+02 -1.449192570438e-05
3.036294555664e+02 -6.138087206560e-04
3.036274108887e+02 1.934991809246e-03
3.036253967285e+02 1.697214087991e-03
3.036233825684e+02 8.264046703900e-04
3.036213378906e+02 -3.873198216346e-03
3.036193237305e+02 -6.588150575753e-04
3.036172790527e+02 1.116583996402e-03
3.036152648926e+02 2.891982335123e-04
3.036132202148e+02 -9.994369027869e-04
3.036112060547e+02 -4.470707688486e-04
3.036091613770e+02 2.109689812729e-03
3.036071472168e+02 -1.515500766496e-04
3.036051330566e+02 1.244670807829e-03
3.036030883789e+02 5.635891824430e-04
3.036010742188e+02 -1.734915338904e-03
3.035990295410e+02 -4.151947695528e-03
3.035970153809e+02 -3.326490560221e-03
3.035949707031e+02 -2.065176346641e-03
3.035929565430e+02 -3.878256266742e-03
3.035909423828e+02 -5.939883514246e-03
3.035888977051e+02 -3.076692012056e-03
3.035868835449e+02 -1.053174426511e-03
3.035848388672e+02 -1.024410296460e-03
3.035828247070e+02 -2.998472356165e-03
3.035807800293e+02 -4.145673948740e-03
3.035787658691e+02 4.615019183015e-04
3.035767211914e+02 -3.564276268499e-04
3.035747070312e+02 6.394200628720e-04
3.035726928711e+02 -1.288329304852e-03
3.035706481934e+02 -1.828148809481e-03
3.035686340332e+02 -7.411105984791e-04
3.035665893555e+02 -1.957050893278e-03
3.035645751953e+02 -2.678454347515e-04
3.035625305176e+02 -1.509976577953e-03
3.035605163574e+02 -8.777401864200e-04
3.035584716797e+02 4.119943576043e-04
3.035564575195e+02 -2.199267491850e-03
3.035544433594e+02 -1.411317773142e-03
3.035523986816e+02 1.678474863621e-03
3.035503845215e+02 8.560907055257e-04
3.035483398438e+02 -1.643027264433e-03
3.035463256836e+02 2.598949555817e-03
3.035442810059e+02 2.569541814780e-03
3.035422668457e+02 1.667320449868e-03
3.035402526855e+02 -2.710760662564e-04
3.035382080078e+02 -9.255190335228e-04
3.035361938477e+02 -1.046228100879e-03
3.035341491699e+02 -2.290264715258e-03
3.035321350098e+02 2.356856428273e-04
3.035300903320e+02 -1.892566532382e-03
3.035280761719e+02 -3.293154634490e-03
3.035260314941e+02 -1.443085858223e-03
3.035240173340e+02 7.504521368752e-04
3.035220031738e+02 2.558717849194e-04
3.035199584961e+02 2.285042215639e-04
3.035179443359e+02 -1.161427553029e-03
3.035158996582e+02 -2.749118935508e-03
3.035138854980e+02 -1.811669554929e-03
3.035118408203e+02 -1.826340166054e-03
3.035098266602e+02 -9.645390968691e-04
3.035077819824e+02 -3.144448906525e-03
3.035057678223e+02 8.168861657951e-04
3.035037536621e+02 3.174341471765e-04
3.035017089844e+02 1.353193704982e-03
3.034996948242e+02 -3.399739128898e-04
3.034976501465e+02 -1.227561412943e-03
3.034956359863e+02 -2.903506416901e-03
3.034935913086e+02 -1.690461119836e-03
3.034915771484e+02 -1.070852449735e-03
3.034895629883e+02 -5.422791261750e-03
3.034875183105e+02 -2.016319132254e-03
3.034855041504e+02 1.680678328233e-03
3.034834594727e+02 -6.926287741624e-04
3.034814453125e+02 -2.677619822844e-03
3.034794006348e+02 1.106843628407e-04
3.034773864746e+02 -1.395038313369e-03
3.034753417969e+02 1.518211138834e-04
3.034733276367e+02 -1.799339260688e-03
3.034713134766e+02 -3.220133219125e-03
3.034692687988e+02 -3.669276113746e-04
3.034672546387e+02 -1.840873567280e-03
3.034652099609e+02 -2.372185819765e-03
3.034631958008e+02 6.502026628333e-04
3.034611511230e+02 3.741567610595e-04
3.034591369629e+02 3.166248710341e-03
