#title: Spectral profile - SiO_34_35_SiO7_6_2kms_0.5robust.image.pbcor.fits-raster
#region (world): Polygon[[17:45:38.136, -28d59m59.68], [17:45:38.124, -28d59m59.764], [17:45:38.12, -28d59m59.911], [17:45:38.129, -29d00m00.131], [17:45:38.139, -29d00m00.152], [17:45:38.15, -29d00m00.163], [17:45:38.154, -29d00m00.257], [17:45:38.161, -29d00m00.351], [17:45:38.166, -29d00m00.278], [17:45:38.176, -29d00m00.173], [17:45:38.182, -29d00m00.142], [17:45:38.18, -29d00m00.058], [17:45:38.172, -28d59m59.963], [17:45:38.16, -28d59m59.89], [17:45:38.156, -28d59m59.817], [17:45:38.145, -28d59m59.67], [17:45:38.132, -28d59m59.712]]
#region (pixel): Polygon[[412, 474], [415, 472], [416, 469], [413, 465], [411, 464], [408, 464], [407, 462], [405, 460], [404, 462], [401, 464], [400, 465], [400, 466], [402, 468], [406, 470], [406, 471], [409, 474], [413, 473]]
#coordinate: world
#xLabel: frequency [GHz]
#yLabel: [Jy/beam] Mean

# SiO_34_35_SiO7_6_2kms_0.5robust.image.pbcor.fits-raster
3.043938598633e+02 1.260639936004e-04
3.043918151855e+02 -2.308791985501e-03
3.043898010254e+02 -1.278882206625e-03
3.043877563477e+02 -1.894853354094e-04
3.043857421875e+02 4.005590629098e-03
3.043836975098e+02 -1.229190646381e-03
3.043816833496e+02 -1.780327196044e-04
3.043796691895e+02 -3.090921191161e-05
3.043776245117e+02 -3.059704449070e-04
3.043756103516e+02 -3.519106972473e-04
3.043735656738e+02 3.097703305988e-04
3.043715515137e+02 -1.126609855757e-03
3.043695068359e+02 -3.969793031420e-03
3.043674926758e+02 -2.425304289619e-03
3.043654785156e+02 -1.255168020738e-03
3.043634338379e+02 -9.252169094850e-03
3.043614196777e+02 -5.178731210637e-03
3.043593750000e+02 -5.571587350360e-03
3.043573608398e+02 1.653218109453e-03
3.043553161621e+02 -2.912767787046e-03
3.043533020020e+02 6.254642306815e-04
3.043512573242e+02 -2.990740202859e-03
3.043492431641e+02 -3.719320473899e-04
3.043472290039e+02 -1.092293910409e-03
3.043451843262e+02 -3.880973046580e-03
3.043431701660e+02 -2.841855422533e-03
3.043411254883e+02 1.537488891195e-03
3.043391113281e+02 -4.735839591853e-03
3.043370666504e+02 -1.714036188476e-03
3.043350524902e+02 -3.314677157484e-03
3.043330078125e+02 9.661246997047e-04
3.043309936523e+02 1.962543342346e-03
3.043289794922e+02 -2.926942487503e-03
3.043269348145e+02 -6.854966966066e-03
3.043249206543e+02 -7.522752165478e-03
3.043228759766e+02 -3.605980805964e-03
3.043208618164e+02 -3.545021225508e-03
3.043188171387e+02 -3.479424165050e-03
3.043168029785e+02 -3.529017616045e-03
3.043147888184e+02 -3.998275887139e-04
3.043127441406e+02 -4.402954310692e-03
3.043107299805e+02 -5.054722668408e-04
3.043086853027e+02 2.294235636486e-04
3.043066711426e+02 -4.175228317209e-03
3.043046264648e+02 1.434961148708e-03
3.043026123047e+02 -5.230434666157e-03
3.043005676270e+02 -5.244249116123e-03
3.042985534668e+02 -8.617024234932e-04
3.042965393066e+02 1.049381663574e-03
3.042944946289e+02 -2.244740831183e-03
3.042924804688e+02 -2.598637942719e-03
3.042904357910e+02 -8.758501230444e-04
3.042884216309e+02 -3.451112970716e-04
3.042863769531e+02 1.917134912474e-04
3.042843627930e+02 -2.752077233378e-03
3.042823486328e+02 2.326652398947e-03
3.042803039551e+02 -6.081622889417e-03
3.042782897949e+02 -6.855454770502e-04
3.042762451172e+02 -1.051222731930e-03
3.042742309570e+02 -4.720504031280e-03
3.042721862793e+02 -4.987155674347e-03
3.042701721191e+02 3.079433289404e-04
3.042681274414e+02 -2.130850416304e-03
3.042661132812e+02 -9.395656078289e-03
3.042640991211e+02 -9.313754881734e-04
3.042620544434e+02 -1.657977629972e-04
3.042600402832e+02 -1.658737022984e-03
3.042579956055e+02 -9.410225599931e-04
3.042559814453e+02 -1.523231042255e-05
3.042539367676e+02 -1.004568862946e-03
3.042519226074e+02 -2.364596240776e-03
3.042498779297e+02 4.335393813537e-04
3.042478637695e+02 1.023652006133e-03
3.042458496094e+02 -3.284644491521e-06
3.042438049316e+02 2.061178931147e-04
3.042417907715e+02 4.962298628946e-03
3.042397460938e+02 -1.290835322656e-03
3.042377319336e+02 7.319707622104e-04
3.042356872559e+02 3.491470741169e-03
3.042336730957e+02 3.024779940270e-03
3.042316589355e+02 2.581518295833e-03
3.042296142578e+02 1.074851563962e-03
3.042276000977e+02 1.753578865372e-03
3.042255554199e+02 4.611469010995e-03
3.042235412598e+02 3.980835626854e-03
3.042214965820e+02 -1.305287780771e-03
3.042194824219e+02 3.425849362014e-03
3.042174377441e+02 -1.158207829174e-03
3.042154235840e+02 -5.198216208358e-03
3.042134094238e+02 -2.450803396284e-03
3.042113647461e+02 3.718478856275e-03
3.042093505859e+02 -9.939834947634e-04
3.042073059082e+02 -1.250787198348e-03
3.042052917480e+02 5.985934064987e-03
3.042032470703e+02 -7.283223617304e-04
3.042012329102e+02 -4.267837250288e-03
3.041991882324e+02 5.789535797449e-03
3.041971740723e+02 -2.048890211148e-03
3.041951599121e+02 -3.743312298235e-03
3.041931152344e+02 -1.275429786227e-03
3.041911010742e+02 -6.930967302508e-04
3.041890563965e+02 -4.509015297480e-03
3.041870422363e+02 -3.903375334174e-03
3.041849975586e+02 -4.067313864299e-03
3.041829833984e+02 -3.516672063014e-03
3.041809692383e+02 -3.312749543181e-03
3.041789245605e+02 4.115978674884e-04
3.041769104004e+02 -2.755324017742e-03
3.041748657227e+02 1.712456188477e-03
3.041728515625e+02 3.973518500709e-04
3.041708068848e+02 -3.433046504003e-03
3.041687927246e+02 -2.403082246480e-03
3.041667480469e+02 9.296626890197e-04
3.041647338867e+02 2.182984455798e-03
3.041627197266e+02 1.371793335268e-03
3.041606750488e+02 1.304013910242e-03
3.041586608887e+02 3.112316041000e-03
3.041566162109e+02 -4.307565893685e-04
3.041546020508e+02 -3.042467083005e-04
3.041525573730e+02 1.448507228749e-04
3.041505432129e+02 4.571718909925e-03
3.041484985352e+02 1.844953266990e-03
3.041464843750e+02 5.975830361962e-03
3.041444702148e+02 1.613718824740e-03
3.041424255371e+02 5.557066227692e-03
3.041404113770e+02 1.437873074162e-03
3.041383666992e+02 1.272301853530e-03
3.041363525391e+02 -3.402159375614e-03
3.041343078613e+02 -9.055909944560e-05
3.041322937012e+02 -1.728031717362e-03
3.041302795410e+02 1.650802929132e-03
3.041282348633e+02 2.503041386283e-03
3.041262207031e+02 3.548462559443e-03
3.041241760254e+02 4.513033544798e-04
3.041221618652e+02 -1.461979220212e-03
3.041201171875e+02 4.561431922608e-04
3.041181030273e+02 -2.106969695031e-03
3.041160583496e+02 -2.177754505598e-03
3.041140441895e+02 -2.964840552962e-03
3.041120300293e+02 -1.160055692459e-03
3.041099853516e+02 -4.354751793754e-03
3.041079711914e+02 4.952465232998e-04
3.041059265137e+02 -4.233628474097e-03
3.041039123535e+02 -2.783177031150e-03
3.041018676758e+02 -1.808714237292e-03
3.040998535156e+02 1.766116822205e-03
3.040978088379e+02 -3.724224744305e-03
3.040957946777e+02 -3.060486938883e-03
3.040937805176e+02 -9.809403289370e-04
3.040917358398e+02 -2.740309845429e-03
3.040897216797e+02 -5.357812182278e-03
3.040876770020e+02 -3.018485689482e-03
3.040856628418e+02 -4.955969390231e-04
3.040836181641e+02 -4.107620911196e-03
3.040816040039e+02 -1.960238072995e-03
3.040795898438e+02 1.126156622017e-03
3.040775451660e+02 -1.172983582897e-03
3.040755310059e+02 2.363047950450e-03
3.040734863281e+02 -3.405100030508e-03
3.040714721680e+02 1.385527795797e-03
3.040694274902e+02 -1.417982645628e-03
3.040674133301e+02 -3.247414266335e-03
3.040653686523e+02 -2.726080785534e-03
3.040633544922e+02 4.505622302915e-04
3.040613403320e+02 2.098723749663e-03
3.040592956543e+02 1.105435900741e-03
3.040572814941e+02 9.485750052867e-04
3.040552368164e+02 -6.525147867186e-04
3.040532226562e+02 2.901395458701e-03
3.040511779785e+02 -1.366902535513e-03
3.040491638184e+02 -3.266702807138e-03
3.040471191406e+02 -1.522587133247e-03
3.040451049805e+02 -7.694875367394e-04
3.040430908203e+02 3.888369268092e-03
3.040410461426e+02 -6.986937854750e-04
3.040390319824e+02 7.042355275862e-04
3.040369873047e+02 -6.815947021929e-04
3.040349731445e+02 -4.460455130304e-06
3.040329284668e+02 -5.136124378017e-03
3.040309143066e+02 -2.544115187367e-03
3.040289001465e+02 4.911710018755e-03
3.040268554688e+02 5.927733702878e-03
3.040248413086e+02 4.421509952747e-03
3.040227966309e+02 9.040908289222e-03
3.040207824707e+02 1.988100337044e-02
3.040187377930e+02 1.811841669310e-02
3.040167236328e+02 1.632775765724e-02
3.040146789551e+02 2.429999276185e-02
3.040126647949e+02 2.412948532272e-02
3.040106506348e+02 2.693682607801e-02
3.040086059570e+02 2.279995645098e-02
3.040065917969e+02 1.876665204493e-02
3.040045471191e+02 1.215754089880e-02
3.040025329590e+02 1.293951668210e-02
3.040004882812e+02 1.268599284346e-02
3.039984741211e+02 1.147683007393e-02
3.039964294434e+02 6.449987717857e-03
3.039944152832e+02 4.595109204157e-03
3.039924011230e+02 5.532280707868e-03
3.039903564453e+02 1.707246503857e-03
3.039883422852e+02 4.575199821345e-03
3.039862976074e+02 1.301636519268e-03
3.039842834473e+02 3.275585628166e-04
3.039822387695e+02 1.740351774504e-05
3.039802246094e+02 2.791661156690e-03
3.039782104492e+02 -1.438838550244e-03
3.039761657715e+02 9.614059189630e-04
3.039741516113e+02 -4.254627429867e-03
3.039721069336e+02 -4.129501538914e-03
3.039700927734e+02 -3.476704524189e-03
3.039680480957e+02 1.888709396426e-03
3.039660339355e+02 9.901189082265e-04
3.039639892578e+02 -3.312061586338e-04
3.039619750977e+02 -3.996529768988e-03
3.039599609375e+02 -2.001307105708e-03
3.039579162598e+02 -1.551134540800e-03
3.039559020996e+02 -1.177460845607e-03
3.039538574219e+02 -5.143791681466e-04
3.039518432617e+02 -3.987958859080e-03
3.039497985840e+02 2.016006356865e-04
3.039477844238e+02 -1.033488918755e-03
3.039457397461e+02 -5.417674321962e-03
3.039437255859e+02 1.806360926595e-03
3.039417114258e+02 -5.277078402351e-03
3.039396667480e+02 -5.607371119760e-03
3.039376525879e+02 -1.192440924062e-03
3.039356079102e+02 -9.906571977991e-04
3.039335937500e+02 7.765657674566e-04
3.039315490723e+02 9.359653440623e-04
3.039295349121e+02 -1.480474423155e-03
3.039275207520e+02 -9.534222936486e-04
3.039254760742e+02 4.032847774844e-04
3.039234619141e+02 -3.324326911513e-03
3.039214172363e+02 -4.415754051137e-03
3.039194030762e+02 -1.355457370289e-03
3.039173583984e+02 1.749395572785e-03
3.039153442383e+02 2.282487500838e-03
3.039132995605e+02 -2.586720827895e-03
3.039112854004e+02 -2.960626504376e-03
3.039092712402e+02 -4.277427876507e-03
3.039072265625e+02 -8.234795723087e-04
3.039052124023e+02 -4.806309928300e-03
3.039031677246e+02 -3.646792585018e-03
3.039011535645e+02 -7.454591628336e-03
3.038991088867e+02 -1.641207653751e-03
3.038970947266e+02 -5.607668666161e-03
3.038950500488e+02 3.273035145295e-04
3.038930358887e+02 5.207193741171e-04
3.038910217285e+02 2.379343145850e-03
3.038889770508e+02 9.680527312408e-04
3.038869628906e+02 -5.720218453306e-03
3.038849182129e+02 4.327445712592e-03
3.038829040527e+02 2.722739825826e-03
3.038808593750e+02 6.052987863032e-03
3.038788452148e+02 5.690701278137e-03
3.038768310547e+02 8.734114108085e-03
3.038747863770e+02 1.432308265052e-02
3.038727722168e+02 2.007467174512e-02
3.038707275391e+02 3.205100402478e-02
3.038687133789e+02 3.391645211143e-02
3.038666687012e+02 4.000716208701e-02
3.038646545410e+02 4.022001457514e-02
3.038626098633e+02 4.652806312305e-02
3.038605957031e+02 4.601184682046e-02
3.038585815430e+02 4.826273193713e-02
3.038565368652e+02 3.903111071008e-02
3.038545227051e+02 4.120407300201e-02
3.038524780273e+02 3.029570532691e-02
3.038504638672e+02 3.415297098253e-02
3.038484191895e+02 2.873966162812e-02
3.038464050293e+02 2.699390730326e-02
3.038443603516e+02 2.206555662057e-02
3.038423461914e+02 1.981618021673e-02
3.038403320312e+02 1.485618185035e-02
3.038382873535e+02 1.054914619960e-02
3.038362731934e+02 8.247985277928e-03
3.038342285156e+02 7.499007581220e-03
3.038322143555e+02 2.617699985861e-03
3.038301696777e+02 -1.331223312665e-03
3.038281555176e+02 -1.134653860580e-03
3.038261413574e+02 -3.466244385371e-03
3.038240966797e+02 -2.286271442287e-03
3.038220825195e+02 -1.534351898592e-03
3.038200378418e+02 -2.322138181356e-03
3.038180236816e+02 2.751572024385e-03
3.038159790039e+02 3.118617205927e-03
3.038139648438e+02 -1.072920909821e-04
3.038119201660e+02 -3.035698558037e-03
3.038099060059e+02 -3.242797528750e-03
3.038078918457e+02 -3.735147892025e-03
3.038058471680e+02 -2.613384847792e-03
3.038038330078e+02 -2.381975048669e-03
3.038017883301e+02 -3.257398164018e-04
3.037997741699e+02 1.046226312739e-03
3.037977294922e+02 3.199138495285e-04
3.037957153320e+02 -5.059684516903e-03
3.037937011719e+02 -5.465308448980e-03
3.037916564941e+02 -5.847417155484e-03
3.037896423340e+02 -1.774599994071e-03
3.037875976562e+02 -2.684145816501e-03
3.037855834961e+02 -1.672388037007e-03
3.037835388184e+02 -1.780884708115e-03
3.037815246582e+02 -6.752659701170e-05
3.037794799805e+02 -2.231066571348e-03
3.037774658203e+02 -1.859548180212e-03
3.037754516602e+02 -2.410956735684e-03
3.037734069824e+02 -3.776313841894e-04
3.037713928223e+02 -5.124402766437e-03
3.037693481445e+02 -2.185291870916e-03
3.037673339844e+02 -2.818738117586e-03
3.037652893066e+02 -1.603759484172e-03
3.037632751465e+02 -2.478997586694e-03
3.037612304688e+02 -1.381072944435e-03
3.037592163086e+02 -1.440399834384e-03
3.037572021484e+02 -3.446071073180e-03
3.037551574707e+02 -5.619373111602e-03
3.037531433105e+02 -2.363110892958e-03
3.037510986328e+02 5.697664889117e-04
3.037490844727e+02 -2.896452087647e-03
3.037470397949e+02 -2.525594592844e-03
3.037450256348e+02 -2.028936005641e-03
3.037430114746e+02 -2.091897825419e-03
3.037409667969e+02 -1.030909348816e-03
3.037389526367e+02 -4.119535164997e-03
3.037369079590e+02 -3.535635877696e-03
3.037348937988e+02 -4.382239073044e-03
3.037328491211e+02 2.479378698811e-04
3.037308349609e+02 1.496656846562e-03
3.037287902832e+02 -1.789392317886e-03
3.037267761230e+02 -3.182743700519e-03
3.037247619629e+02 -6.575730755331e-04
3.037227172852e+02 -2.576074007321e-03
3.037207031250e+02 -2.842342034876e-03
3.037186584473e+02 -1.928263755833e-03
3.037166442871e+02 -9.508375977098e-04
3.037145996094e+02 -1.521264744536e-03
3.037125854492e+02 1.892620653402e-03
3.037105407715e+02 3.667555327569e-04
3.037085266113e+02 -1.625761586161e-03
3.037065124512e+02 4.764110970283e-04
3.037044677734e+02 6.211942133316e-04
3.037024536133e+02 -1.931630703167e-03
3.037004089355e+02 -7.656719452229e-04
3.036983947754e+02 -4.551836229995e-03
3.036963500977e+02 -5.628369598693e-03
3.036943359375e+02 -2.312605967692e-03
3.036923217773e+02 -2.632285183525e-04
3.036902770996e+02 -2.921823401947e-03
3.036882629395e+02 7.609109643907e-04
3.036862182617e+02 -3.230731163889e-03
3.036842041016e+02 1.271197975456e-03
3.036821594238e+02 1.431729861552e-03
3.036801452637e+02 -1.816661324957e-03
3.036781005859e+02 -2.109841685371e-03
3.036760864258e+02 -4.571365573574e-03
3.036740722656e+02 -9.454727025881e-04
3.036720275879e+02 -7.695562012935e-04
3.036700134277e+02 -2.709208378726e-03
3.036679687500e+02 3.121614842864e-03
3.036659545898e+02 8.353583613441e-04
3.036639099121e+02 -1.255168616784e-03
3.036618957520e+02 -2.514960170037e-03
3.036598510742e+02 -7.601172092985e-04
3.036578369141e+02 6.230400500587e-04
3.036558227539e+02 -5.116477732491e-03
3.036537780762e+02 -8.113546756833e-03
3.036517639160e+02 -1.426164933233e-03
3.036497192383e+02 -1.169059212899e-03
3.036477050781e+02 -3.121048956340e-04
3.036456604004e+02 -2.234103547353e-03
3.036436462402e+02 -3.021291161036e-03
3.036416320801e+02 -1.439022251768e-03
3.036395874023e+02 1.174146588781e-03
3.036375732422e+02 -3.349637190654e-03
3.036355285645e+02 -2.928547044616e-03
3.036335144043e+02 -2.793378724216e-03
3.036314697266e+02 -1.004782724421e-03
3.036294555664e+02 -1.559513404533e-03
3.036274108887e+02 -1.412246055924e-03
3.036253967285e+02 -3.108231870942e-04
3.036233825684e+02 -1.092111997025e-03
3.036213378906e+02 -3.645503694118e-03
3.036193237305e+02 -3.312366166087e-03
3.036172790527e+02 1.427650400261e-03
3.036152648926e+02 -2.527523160822e-03
3.036132202148e+02 -9.813440908199e-04
3.036112060547e+02 7.368004075967e-04
3.036091613770e+02 -1.044180681233e-03
3.036071472168e+02 3.278118050829e-03
3.036051330566e+02 2.122978549704e-03
3.036030883789e+02 -1.827833024058e-03
3.036010742188e+02 -5.843596735991e-03
3.035990295410e+02 -3.645857030469e-03
3.035970153809e+02 -3.334758201682e-03
3.035949707031e+02 1.189072307798e-03
3.035929565430e+02 3.259980594981e-03
3.035909423828e+02 1.887593716632e-03
3.035888977051e+02 -1.866007655083e-03
3.035868835449e+02 -2.135675770156e-03
3.035848388672e+02 -1.686868032469e-03
3.035828247070e+02 1.434909173455e-03
3.035807800293e+02 -3.415633125414e-03
3.035787658691e+02 -5.445206900784e-03
3.035767211914e+02 -7.208341464051e-03
3.035747070312e+02 -2.526313901732e-03
3.035726928711e+02 -9.588106730015e-04
3.035706481934e+02 4.383378833115e-04
3.035686340332e+02 1.871537535869e-03
3.035665893555e+02 -2.079703161553e-04
3.035645751953e+02 -2.617578869217e-03
3.035625305176e+02 -3.443526669983e-03
3.035605163574e+02 -2.616607373065e-04
3.035584716797e+02 4.932011600148e-04
3.035564575195e+02 -4.929037328233e-03
3.035544433594e+02 -1.023103568869e-04
3.035523986816e+02 -1.798185791548e-03
3.035503845215e+02 -2.561010243941e-03
3.035483398438e+02 -1.109391503575e-03
3.035463256836e+02 -4.067599489770e-03
3.035442810059e+02 -5.846272984669e-04
3.035422668457e+02 2.341372362720e-03
3.035402526855e+02 2.910483617740e-04
3.035382080078e+02 2.774908674434e-03
3.035361938477e+02 -2.736203323627e-03
3.035341491699e+02 -2.788732184307e-04
3.035321350098e+02 -2.117296319438e-03
3.035300903320e+02 -1.492401193932e-03
3.035280761719e+02 3.094561246990e-03
3.035260314941e+02 4.441508563717e-04
3.035240173340e+02 -3.636083537191e-03
3.035220031738e+02 4.148741561534e-04
3.035199584961e+02 -2.652836856707e-06
3.035179443359e+02 -2.553992392731e-03
3.035158996582e+02 2.521720052331e-03
3.035138854980e+02 -1.858497499287e-04
3.035118408203e+02 -4.355644909793e-03
3.035098266602e+02 -3.676598485100e-03
3.035077819824e+02 6.015286135282e-04
3.035057678223e+02 -2.341689936282e-03
3.035037536621e+02 -3.564060201651e-04
3.035017089844e+02 -2.271846879147e-03
3.034996948242e+02 -5.437454958735e-03
3.034976501465e+02 -2.949938914223e-03
3.034956359863e+02 -4.185301562259e-04
3.034935913086e+02 -5.566681291816e-04
3.034915771484e+02 1.171379860249e-03
3.034895629883e+02 -4.658505184188e-03
3.034875183105e+02 -2.656261570257e-03
3.034855041504e+02 -2.831183091170e-03
3.034834594727e+02 -8.135987906657e-04
3.034814453125e+02 -2.062961706157e-04
3.034794006348e+02 3.246943866456e-03
3.034773864746e+02 -3.349152008823e-03
3.034753417969e+02 4.233019553017e-04
3.034733276367e+02 -2.501622557251e-03
3.034713134766e+02 -2.610110168453e-03
3.034692687988e+02 -6.356198612755e-03
3.034672546387e+02 -1.983570312301e-03
3.034652099609e+02 -6.326918902502e-03
3.034631958008e+02 -6.406429118223e-03
3.034611511230e+02 -4.333387103866e-03
3.034591369629e+02 -3.874866192805e-03
