#title: Spectral profile - SiO_34_35_SiO7_6_2kms_0.5robust.image.pbcor.fits-raster
#region (world): Polygon[[17:45:38.137, -29d00m01.484], [17:45:38.123, -29d00m01.484], [17:45:38.12, -29d00m01.568], [17:45:38.12, -29d00m01.662], [17:45:38.121, -29d00m01.746], [17:45:38.127, -29d00m01.82], [17:45:38.132, -29d00m01.83], [17:45:38.137, -29d00m01.778], [17:45:38.142, -29d00m01.767], [17:45:38.152, -29d00m01.809], [17:45:38.155, -29d00m01.788], [17:45:38.16, -29d00m01.704], [17:45:38.163, -29d00m01.599], [17:45:38.16, -29d00m01.536], [17:45:38.154, -29d00m01.463], [17:45:38.14, -29d00m01.474], [17:45:38.137, -29d00m01.505]]
#region (pixel): Polygon[[411, 438], [415, 438], [416, 436], [416, 434], [416, 433], [414, 431], [413, 431], [411, 432], [410, 432], [408, 431], [407, 432], [405, 433], [405, 436], [405, 437], [407, 438], [411, 438], [411, 437]]
#coordinate: world
#xLabel: frequency [GHz]
#yLabel: [Jy/beam] Mean

# SiO_34_35_SiO7_6_2kms_0.5robust.image.pbcor.fits-raster
3.043938598633e+02 3.913554615892e-03
3.043918151855e+02 -2.377082222357e-03
3.043898010254e+02 -7.983195564843e-04
3.043877563477e+02 -3.368268888240e-03
3.043857421875e+02 -9.368613211251e-04
3.043836975098e+02 -1.483030508863e-03
3.043816833496e+02 2.949826857486e-03
3.043796691895e+02 -2.412140483986e-03
3.043776245117e+02 -8.858488503641e-03
3.043756103516e+02 -1.743055307209e-03
3.043735656738e+02 1.497151207509e-03
3.043715515137e+02 -4.895934397068e-04
3.043695068359e+02 -4.750280605875e-04
3.043674926758e+02 -2.367652320070e-04
3.043654785156e+02 3.205380830424e-03
3.043634338379e+02 -1.473566602126e-03
3.043614196777e+02 -1.334968272674e-03
3.043593750000e+02 -6.074843695217e-04
3.043573608398e+02 -5.575578954401e-03
3.043553161621e+02 3.080748942791e-03
3.043533020020e+02 2.504219233724e-04
3.043512573242e+02 3.210086021306e-03
3.043492431641e+02 -2.908761877890e-03
3.043472290039e+02 1.903073162825e-03
3.043451843262e+02 -6.895565837318e-03
3.043431701660e+02 -1.475494931685e-03
3.043411254883e+02 2.004790639732e-03
3.043391113281e+02 1.849065630047e-03
3.043370666504e+02 -4.954388376953e-03
3.043350524902e+02 3.188888224432e-03
3.043330078125e+02 -7.983726642253e-04
3.043309936523e+02 2.361299388508e-03
3.043289794922e+02 -3.262361204606e-03
3.043269348145e+02 -4.483814929309e-03
3.043249206543e+02 3.972428480716e-05
3.043228759766e+02 -5.117107872826e-04
3.043208618164e+02 -3.617641859222e-03
3.043188171387e+02 -1.027980614851e-03
3.043168029785e+02 -6.379022901254e-04
3.043147888184e+02 -2.530634761846e-03
3.043127441406e+02 -1.060449531379e-03
3.043107299805e+02 -5.803217686679e-03
3.043086853027e+02 -8.943165369426e-04
3.043066711426e+02 1.923902483768e-03
3.043046264648e+02 -5.283841384087e-03
3.043026123047e+02 -4.570449569349e-03
3.043005676270e+02 -1.621128874531e-03
3.042985534668e+02 1.869046061599e-03
3.042965393066e+02 7.701022513911e-03
3.042944946289e+02 -1.209839759117e-03
3.042924804688e+02 6.302116216540e-04
3.042904357910e+02 -4.433858605220e-03
3.042884216309e+02 3.566598107942e-03
3.042863769531e+02 4.838554790957e-04
3.042843627930e+02 -1.459639499375e-03
3.042823486328e+02 -1.651680547964e-03
3.042803039551e+02 -5.001940964813e-03
3.042782897949e+02 -4.616074781325e-03
3.042762451172e+02 -4.227266989267e-03
3.042742309570e+02 -3.314835467429e-03
3.042721862793e+02 -5.891868155902e-04
3.042701721191e+02 -7.386867158795e-04
3.042681274414e+02 2.913333077524e-03
3.042661132812e+02 -6.786866033571e-03
3.042640991211e+02 -4.650297385794e-03
3.042620544434e+02 5.611660150992e-04
3.042600402832e+02 1.916596503692e-03
3.042579956055e+02 5.769767558443e-03
3.042559814453e+02 1.453307340032e-03
3.042539367676e+02 3.329215207873e-03
3.042519226074e+02 4.077245905939e-03
3.042498779297e+02 1.051270177229e-03
3.042478637695e+02 2.729415069521e-03
3.042458496094e+02 6.056654264116e-03
3.042438049316e+02 5.365530268887e-03
3.042417907715e+02 6.508845638438e-03
3.042397460938e+02 8.628742627861e-03
3.042377319336e+02 7.353324047308e-05
3.042356872559e+02 2.016386604715e-03
3.042336730957e+02 -1.077139190337e-03
3.042316589355e+02 -7.148702961005e-03
3.042296142578e+02 2.877271073629e-03
3.042276000977e+02 1.604323016312e-04
3.042255554199e+02 -7.627083663811e-03
3.042235412598e+02 1.085634879179e-03
3.042214965820e+02 9.257956288900e-05
3.042194824219e+02 1.029976536081e-03
3.042174377441e+02 -1.667478998230e-03
3.042154235840e+02 -5.516703390844e-03
3.042134094238e+02 4.289567674294e-03
3.042113647461e+02 -6.072143008634e-04
3.042093505859e+02 -3.106316952428e-03
3.042073059082e+02 1.174830969345e-03
3.042052917480e+02 3.436579152258e-03
3.042032470703e+02 -2.170926674006e-03
3.042012329102e+02 1.010583806354e-03
3.041991882324e+02 1.360176270240e-03
3.041971740723e+02 4.680661900634e-03
3.041951599121e+02 4.393497198884e-03
3.041931152344e+02 3.297954715971e-03
3.041911010742e+02 2.333484283656e-03
3.041890563965e+02 -4.045427335721e-04
3.041870422363e+02 -2.213940487160e-03
3.041849975586e+02 -1.153167779382e-03
3.041829833984e+02 -6.246331511590e-03
3.041809692383e+02 -5.668933183994e-03
3.041789245605e+02 -7.998541377415e-05
3.041769104004e+02 -2.741141926309e-03
3.041748657227e+02 3.061806347363e-03
3.041728515625e+02 -3.285579241407e-04
3.041708068848e+02 1.886443466142e-03
3.041687927246e+02 1.210674820230e-03
3.041667480469e+02 -2.004882430890e-03
3.041647338867e+02 -1.128452250316e-04
3.041627197266e+02 1.842168657063e-03
3.041606750488e+02 -5.032722592977e-04
3.041586608887e+02 -6.004934596132e-04
3.041566162109e+02 2.236794190553e-04
3.041546020508e+02 1.537060929826e-03
3.041525573730e+02 6.095956138236e-03
3.041505432129e+02 6.389408891890e-03
3.041484985352e+02 4.410098285335e-03
3.041464843750e+02 8.523985313925e-03
3.041444702148e+02 8.673043662985e-03
3.041424255371e+02 4.100535587526e-03
3.041404113770e+02 4.056551649127e-03
3.041383666992e+02 -2.948598286489e-03
3.041363525391e+02 1.223061262049e-03
3.041343078613e+02 5.155194050553e-03
3.041322937012e+02 1.874022811256e-03
3.041302795410e+02 -3.465414927095e-03
3.041282348633e+02 1.149373109097e-03
3.041262207031e+02 -3.870948975364e-03
3.041241760254e+02 7.770820629142e-04
3.041221618652e+02 1.401931710074e-03
3.041201171875e+02 -3.115861265835e-04
3.041181030273e+02 -4.424725683090e-04
3.041160583496e+02 1.530217243397e-03
3.041140441895e+02 2.304123272663e-03
3.041120300293e+02 1.271985948897e-03
3.041099853516e+02 9.470548483541e-04
3.041079711914e+02 -5.184652097912e-03
3.041059265137e+02 2.468793986280e-03
3.041039123535e+02 -4.485601161388e-03
3.041018676758e+02 -3.291078723823e-03
3.040998535156e+02 3.670021231446e-03
3.040978088379e+02 1.461270878580e-03
3.040957946777e+02 2.471765695196e-04
3.040937805176e+02 -3.818811598010e-03
3.040917358398e+02 6.332307162646e-04
3.040897216797e+02 -3.621597462056e-04
3.040876770020e+02 -4.182847698522e-03
3.040856628418e+02 2.714885602201e-03
3.040836181641e+02 -2.832800522887e-03
3.040816040039e+02 -1.101041846120e-03
3.040795898438e+02 -3.517385888274e-03
3.040775451660e+02 -6.336495581233e-04
3.040755310059e+02 1.568458303801e-04
3.040734863281e+02 -5.703423770959e-03
3.040714721680e+02 -3.609683208255e-03
3.040694274902e+02 -8.308642901239e-04
3.040674133301e+02 3.205840978304e-03
3.040653686523e+02 2.779980791527e-03
3.040633544922e+02 -4.048826409960e-03
3.040613403320e+02 1.060268690878e-03
3.040592956543e+02 -1.466039131179e-03
3.040572814941e+02 9.328129138550e-04
3.040552368164e+02 -9.659319382743e-04
3.040532226562e+02 1.948468300860e-03
3.040511779785e+02 -5.729100976311e-03
3.040491638184e+02 -3.331439653322e-04
3.040471191406e+02 -3.047306205530e-03
3.040451049805e+02 -3.663250381896e-04
3.040430908203e+02 -3.597702912505e-03
3.040410461426e+02 -2.944820067087e-03
3.040390319824e+02 -6.447951146258e-03
3.040369873047e+02 8.902050083507e-04
3.040349731445e+02 -2.796191109909e-03
3.040329284668e+02 4.524780965190e-03
3.040309143066e+02 2.136328798675e-03
3.040289001465e+02 -1.935572596932e-03
3.040268554688e+02 3.835441056273e-03
3.040248413086e+02 5.214478263574e-03
3.040227966309e+02 2.500134586829e-03
3.040207824707e+02 9.529986834181e-03
3.040187377930e+02 8.919310039733e-03
3.040167236328e+02 1.909710593331e-02
3.040146789551e+02 1.912826438205e-02
3.040126647949e+02 9.371256319745e-03
3.040106506348e+02 5.699238571023e-03
3.040086059570e+02 1.761482680063e-03
3.040065917969e+02 -3.961420724199e-03
3.040045471191e+02 5.729606423722e-03
3.040025329590e+02 8.194073231796e-04
3.040004882812e+02 -2.524995446927e-03
3.039984741211e+02 1.465936849604e-03
3.039964294434e+02 -4.800016154350e-03
3.039944152832e+02 3.743685661748e-04
3.039924011230e+02 -5.912711424332e-03
3.039903564453e+02 -4.243425570815e-03
3.039883422852e+02 2.321607461574e-03
3.039862976074e+02 4.129463868777e-03
3.039842834473e+02 -3.467948839874e-03
3.039822387695e+02 1.187373932969e-03
3.039802246094e+02 -4.787646997878e-03
3.039782104492e+02 -2.351031415074e-03
3.039761657715e+02 4.064482405119e-03
3.039741516113e+02 -3.971229503427e-03
3.039721069336e+02 -4.238504134271e-03
3.039700927734e+02 6.532029819799e-04
3.039680480957e+02 1.626100975025e-03
3.039660339355e+02 -3.386592310589e-03
3.039639892578e+02 -1.096416287047e-03
3.039619750977e+02 -3.629783564358e-03
3.039599609375e+02 2.189035631382e-05
3.039579162598e+02 -2.549330832451e-03
3.039559020996e+02 -3.102860836541e-03
3.039538574219e+02 -1.651677210103e-03
3.039518432617e+02 -2.273593533741e-03
3.039497985840e+02 7.900020259340e-04
3.039477844238e+02 -2.199912890974e-03
3.039457397461e+02 2.548262717166e-03
3.039437255859e+02 -1.191622313832e-03
3.039417114258e+02 -7.609179977391e-04
3.039396667480e+02 -2.849248783022e-03
3.039376525879e+02 -7.536088586171e-04
3.039356079102e+02 -1.422500201080e-03
3.039335937500e+02 -1.855944483218e-03
3.039315490723e+02 -3.048696662750e-03
3.039295349121e+02 -4.614496077727e-05
3.039275207520e+02 3.611196927886e-03
3.039254760742e+02 3.130668073580e-03
3.039234619141e+02 2.757850539545e-03
3.039214172363e+02 -1.244076787911e-03
3.039194030762e+02 3.440146848045e-03
3.039173583984e+02 -1.915970297264e-03
3.039153442383e+02 -1.930510493420e-03
3.039132995605e+02 -5.903533977531e-04
3.039112854004e+02 -2.805972947836e-03
3.039092712402e+02 -6.678432543390e-04
3.039072265625e+02 -4.359901158470e-03
3.039052124023e+02 -2.865548746794e-03
3.039031677246e+02 -1.153343255464e-03
3.039011535645e+02 5.379853980963e-03
3.038991088867e+02 -2.709244856771e-03
3.038970947266e+02 1.249258577556e-03
3.038950500488e+02 -1.957306716426e-03
3.038930358887e+02 1.394500649645e-04
3.038910217285e+02 -1.342960063825e-03
3.038889770508e+02 -1.121595316754e-03
3.038869628906e+02 3.268518126285e-03
3.038849182129e+02 1.168451483912e-03
3.038829040527e+02 -3.444913312505e-03
3.038808593750e+02 7.904952543930e-04
3.038788452148e+02 1.768611634336e-03
3.038768310547e+02 -3.053254034106e-03
3.038747863770e+02 2.942075869111e-03
3.038727722168e+02 3.564896752881e-03
3.038707275391e+02 5.056529762114e-03
3.038687133789e+02 4.829432716874e-03
3.038666687012e+02 1.242943727402e-02
3.038646545410e+02 1.014233541978e-02
3.038626098633e+02 1.414577646687e-02
3.038605957031e+02 1.207434997688e-02
3.038585815430e+02 8.135252385305e-03
3.038565368652e+02 7.065161802176e-04
3.038545227051e+02 5.130218511113e-04
3.038524780273e+02 -2.524215400903e-04
3.038504638672e+02 -1.538145019156e-03
3.038484191895e+02 -5.059288742043e-03
3.038464050293e+02 -2.240920411690e-03
3.038443603516e+02 -2.175510748244e-03
3.038423461914e+02 -3.670779879400e-03
3.038403320312e+02 -3.844395820111e-03
3.038382873535e+02 -4.722142443833e-03
3.038362731934e+02 -1.605330424264e-03
3.038342285156e+02 2.300032963326e-03
3.038322143555e+02 1.913832755392e-03
3.038301696777e+02 -5.708881172494e-03
3.038281555176e+02 -1.452339360555e-03
3.038261413574e+02 5.862661163319e-03
3.038240966797e+02 -4.732719288551e-04
3.038220825195e+02 -2.362166993758e-03
3.038200378418e+02 3.490147041155e-03
3.038180236816e+02 -1.602220015333e-03
3.038159790039e+02 -3.336875358765e-03
3.038139648438e+02 -2.428487893057e-03
3.038119201660e+02 -2.328070751141e-03
3.038099060059e+02 -4.090189651213e-03
3.038078918457e+02 -9.154411393101e-04
3.038058471680e+02 -1.489659499352e-03
3.038038330078e+02 -6.907704204594e-03
3.038017883301e+02 -2.833864108219e-03
3.037997741699e+02 1.992721175429e-03
3.037977294922e+02 -4.633333426248e-03
3.037957153320e+02 -1.480102132526e-03
3.037937011719e+02 -2.651119358099e-03
3.037916564941e+02 2.885970014319e-03
3.037896423340e+02 -2.033075667626e-03
3.037875976562e+02 -6.301477254718e-04
3.037855834961e+02 -3.058291222875e-04
3.037835388184e+02 -3.678280528255e-03
3.037815246582e+02 -2.001201009435e-03
3.037794799805e+02 -2.808138503893e-03
3.037774658203e+02 -2.623874371701e-04
3.037754516602e+02 -1.508416307093e-04
3.037734069824e+02 -1.467408607563e-03
3.037713928223e+02 -4.252309524331e-03
3.037693481445e+02 -1.848576275890e-03
3.037673339844e+02 -2.335862270677e-03
3.037652893066e+02 -4.288676942440e-03
3.037632751465e+02 -1.445248076420e-03
3.037612304688e+02 -1.209946928273e-03
3.037592163086e+02 -1.331796709375e-03
3.037572021484e+02 -5.743018661527e-04
3.037551574707e+02 1.972670052765e-03
3.037531433105e+02 4.056333734536e-03
3.037510986328e+02 -5.281157148386e-04
3.037490844727e+02 3.523609805577e-04
3.037470397949e+02 1.255608141456e-03
3.037450256348e+02 2.640265590189e-03
3.037430114746e+02 -7.389208190934e-03
3.037409667969e+02 -7.257613526786e-03
3.037389526367e+02 -6.392823046105e-03
3.037369079590e+02 -7.677816517249e-04
3.037348937988e+02 6.242367549204e-05
3.037328491211e+02 3.327310243335e-03
3.037308349609e+02 9.672261935924e-04
3.037287902832e+02 -4.328752723305e-03
3.037267761230e+02 2.392169350759e-03
3.037247619629e+02 -1.310491028088e-04
3.037227172852e+02 4.816083540786e-04
3.037207031250e+02 1.733068071666e-03
3.037186584473e+02 4.209868213817e-04
3.037166442871e+02 1.250331580422e-03
3.037145996094e+02 -3.168204696456e-03
3.037125854492e+02 -2.790857686041e-03
3.037105407715e+02 5.331958189541e-04
3.037085266113e+02 -9.199151833688e-04
3.037065124512e+02 -1.495878171446e-03
3.037044677734e+02 -3.764958083642e-03
3.037024536133e+02 1.580229357436e-03
3.037004089355e+02 1.590098694987e-03
3.036983947754e+02 5.543224598006e-03
3.036963500977e+02 1.180704411320e-03
3.036943359375e+02 1.557950093835e-03
3.036923217773e+02 2.796195878280e-03
3.036902770996e+02 2.870911019311e-03
3.036882629395e+02 1.851782648303e-03
3.036862182617e+02 -6.881683795681e-04
3.036842041016e+02 -1.202444372070e-03
3.036821594238e+02 -8.480473563545e-04
3.036801452637e+02 -3.802335681318e-03
3.036781005859e+02 1.257673680914e-03
3.036760864258e+02 3.468428538078e-03
3.036740722656e+02 -4.020153236601e-03
3.036720275879e+02 -9.072647525654e-03
3.036700134277e+02 5.575466420826e-04
3.036679687500e+02 -3.094103721715e-03
3.036659545898e+02 -6.611618356027e-03
3.036639099121e+02 1.904732437005e-03
3.036618957520e+02 -6.046573926113e-03
3.036598510742e+02 1.464442918717e-03
3.036578369141e+02 -3.576756587638e-04
3.036558227539e+02 1.485765766142e-03
3.036537780762e+02 -3.266811049178e-03
3.036517639160e+02 -5.622039585117e-03
3.036497192383e+02 -9.632722000842e-04
3.036477050781e+02 1.760752523130e-03
3.036456604004e+02 -8.001692079088e-04
3.036436462402e+02 -3.306535401040e-03
3.036416320801e+02 2.700170108777e-04
3.036395874023e+02 -2.929989238670e-03
3.036375732422e+02 4.393615335295e-04
3.036355285645e+02 -8.973173925310e-04
3.036335144043e+02 -3.452930852863e-03
3.036314697266e+02 1.229476987108e-03
3.036294555664e+02 1.303184690385e-03
3.036274108887e+02 -1.160674984748e-03
3.036253967285e+02 1.766758645051e-03
3.036233825684e+02 2.875218527984e-03
3.036213378906e+02 1.151256839478e-04
3.036193237305e+02 -1.920989008593e-03
3.036172790527e+02 6.289399713985e-05
3.036152648926e+02 5.149995094770e-03
3.036132202148e+02 1.573291972501e-03
3.036112060547e+02 -1.384031123096e-03
3.036091613770e+02 -3.827255192390e-03
3.036071472168e+02 -2.041508771588e-03
3.036051330566e+02 6.367731992858e-04
3.036030883789e+02 -2.256787884139e-03
3.036010742188e+02 2.224998818221e-03
3.035990295410e+02 -1.871637671677e-03
3.035970153809e+02 -3.860434238689e-03
3.035949707031e+02 -1.879802554725e-03
3.035929565430e+02 -1.410194225535e-03
3.035909423828e+02 -1.362685268276e-03
3.035888977051e+02 -3.579246571792e-04
3.035868835449e+02 -4.279048169247e-03
3.035848388672e+02 1.596309916500e-04
3.035828247070e+02 1.093216113517e-03
3.035807800293e+02 -7.588304880078e-03
3.035787658691e+02 -4.051524354730e-03
3.035767211914e+02 -4.565676429169e-03
3.035747070312e+02 -1.249681770554e-03
3.035726928711e+02 -3.681489642482e-03
3.035706481934e+02 -1.494430136137e-03
3.035686340332e+02 -4.586639145313e-03
3.035665893555e+02 2.711689004950e-04
3.035645751953e+02 -6.527933430788e-03
3.035625305176e+02 3.750127016806e-03
3.035605163574e+02 2.267649877491e-04
3.035584716797e+02 -1.513519358998e-03
3.035564575195e+02 -5.455002090153e-03
3.035544433594e+02 3.887131875608e-03
3.035523986816e+02 -1.911488862229e-03
3.035503845215e+02 -3.857828561914e-03
3.035483398438e+02 -1.155793602528e-03
3.035463256836e+02 -4.614888887256e-03
3.035442810059e+02 -4.351768700350e-03
3.035422668457e+02 -1.480799268485e-03
3.035402526855e+02 4.589815357775e-03
3.035382080078e+02 -1.431304403577e-03
3.035361938477e+02 -7.705517181178e-03
3.035341491699e+02 -3.895065254204e-03
3.035321350098e+02 -2.016574687180e-04
3.035300903320e+02 -3.003809356312e-03
3.035280761719e+02 -4.240205489332e-04
3.035260314941e+02 -8.252017889966e-04
3.035240173340e+02 2.004988050325e-03
3.035220031738e+02 -1.938826533854e-03
3.035199584961e+02 2.843694106702e-03
3.035179443359e+02 -1.239947735553e-03
3.035158996582e+02 -1.767960632374e-03
3.035138854980e+02 -8.613993934648e-04
3.035118408203e+02 -1.706802687651e-03
3.035098266602e+02 -3.877274578196e-04
3.035077819824e+02 2.154051614792e-04
3.035057678223e+02 3.337808052290e-03
3.035037536621e+02 1.713577828736e-03
3.035017089844e+02 -8.845015588306e-04
3.034996948242e+02 1.126947456481e-03
3.034976501465e+02 -7.275852072116e-03
3.034956359863e+02 -2.975081585095e-03
3.034935913086e+02 -3.364206712297e-03
3.034915771484e+02 -3.691258128969e-03
3.034895629883e+02 -1.250822841927e-03
3.034875183105e+02 -1.187398370874e-03
3.034855041504e+02 -5.097662214172e-03
3.034834594727e+02 -6.595450714573e-03
3.034814453125e+02 1.181778725489e-03
3.034794006348e+02 -3.387056988422e-03
3.034773864746e+02 -2.803201808560e-03
3.034753417969e+02 -1.089565567270e-03
3.034733276367e+02 -2.905624050821e-03
3.034713134766e+02 3.430233879892e-03
3.034692687988e+02 4.970802543229e-03
3.034672546387e+02 2.786770476145e-03
3.034652099609e+02 -4.417005689132e-04
3.034631958008e+02 -3.052614774260e-04
3.034611511230e+02 1.367818062900e-03
3.034591369629e+02 -8.141802936077e-04
